 NM
 VELO
 MMASS
   84.1356000000000     
 LFAKTOR
  0.5
 RFAKTOR
  1.0
 WIDTH
  0.20
 SHIFT
  0.00
 DATXY
   1    5.3390     0.000000     0.000000    -0.000072    -0.000073
   2    5.8554     0.150484     0.005455    -0.000040    -0.000026
   3    6.0419     0.252371     0.017712     0.000223     0.000061
   4    6.0870     0.006753     0.023058    -0.000470    -0.000197
   5    6.6734     0.005406     0.152539     0.000052     0.000040
   6    6.9671     0.000000     0.000000     0.000009     0.000010
   7    7.2903     0.017736     0.009159    -0.000001    -0.000007
   8    7.4156     0.000000     0.000000     0.000160     0.000095
   9    7.6711     0.029704     0.208955    -0.000018     0.000039
  10    7.6894     0.010905     0.113055     0.000000    -0.000008
